876543210
999999999

9位
老九门

11位

13999999999

13位

1399999999999

11位
99999999

899999999
889999999
879999999
869999999
859999999
849999999
839999999
829999999
819999999
809999999
799999999
789999999
779999999
769999999
759999999
749999999
739999999
729999999
719999999
709999999
699999999
689999999
679999999
669999999
659999999
649999999
639999999
629999999
619999999
609999999
599999999
589999999
579999999
569999999
559999999
549999999
539999999
529999999
519999999
509999999
499999999
489999999
479999999
469999999
459999999
449999999
439999999
429999999
419999999
409999999
399999999
389999999
379999999
369999999
359999999
349999999
339999999
329999999
319999999
309999999
299999999
289999999
279999999
269999999
259999999
249999999
239999999
229999999
219999999
209999999
199999999
189999999
179999999
169999999
159999999
149999999
139999999
129999999
119999999
109999999
099999999
089999999
079999999
069999999
059999999
049999999
039999999
029999999
019999999
009999999
