876543210
867999999
869999999

899999999
879999999
867999999
869999999
899999999

参伍壹拾伍
参伍参拾伍
13-9
13x99999999

99999999
00000000




99999998
99999997
99999996
99999995
99999994
99999993
99999992
99999991
99999990
99999989
99999988
99999987
99999986
99999985
99999984
99999983
99999982
99999981
99999980
99999979
99999978
99999977
99999976
99999975
99999974
99999973
99999972
99999971
99999970
99999969
99999968
99999967
99999966
99999965
99999964
99999963
99999962
99999961
99999960
99999959
99999958
99999957
99999956
99999955
99999954
99999953
99999952
99999951
99999950
99999949
99999948
99999947
99999946
99999945
99999944
99999943
99999942
99999941
99999940
99999939
99999938
99999937
99999936
99999935
99999934
99999933
99999932
99999931
99999930
99999929
99999928
99999927
99999926
99999925
99999924
99999923
99999922
99999921
99999920
99999919
99999918
99999917
99999916
99999915
99999914
99999913
99999912
99999911
99999910
99999909
99999908
99999907
99999906
99999905
99999904
99999903
99999902
99999901
99999900
99999899
99999898
99999897
99999896
99999895
99999894
99999893
99999892
99999891
99999890
99999889
99999888
99999887
99999886
99999885
99999884
99999883
99999882
99999881
99999880
99999879
99999878
99999877
99999876
99999875
99999874
99999873
99999872
99999871
99999870
99999869
99999868
99999867
99999866
99999865
99999864
99999863
99999862
99999861
99999860
99999859
99999858
99999857
99999856
99999855
99999854
99999853
99999852
99999851
99999850
99999849
99999848
99999847
99999846
99999845
99999844
99999843
99999842
99999841
99999840
99999839
99999838
99999837
99999836
99999835
99999834
99999833
99999832
99999831
99999830
99999829
99999828
99999827
99999826
99999825
99999824
99999823
99999822
99999821
99999820
99999819
99999818
99999817
99999816
99999815
99999814
99999813
99999812
99999811
99999810
99999809
99999808
99999807
99999806
99999805
99999804
99999803
99999802
99999801
99999800
99999799
99999798

90000000
89999999
89999998
89999988
89999987

80000000
79999999

10000000
09999999
09999998
09999997
09999996
09999995
09999994
09999993
09999992
09999991
09999990
09999989
09999988
09999987
09999986

00999999
00999998
00999997
00999996
00999995
00999994
00999993
00999992
00999991
00999990
00999989
00999988
00999987
00999986

00099999
00009999
00000999
00000099
00000098

00000090
00000089

00000011
00000010
00000009
00000008
00000007
00000006
00000005
00000004
00000003
00000002
00000001
00000000