876543210
867999999
869999999

899999999
879999999
867999999
869999999
899999999

参伍壹拾伍
参伍参拾伍
13-9
13x99999999

99999999
00000000

89999999
88999999
87999999
86999999
85999999
84999999
83999999
82999999
81999999
80999999
79999999
78999999
77999999
76999999
75999999
74999999
73999999
72999999
71999999
70999999
69999999
68999999
67999999
66999999
65999999
64999999
63999999
62999999
61999999
60999999
59999999
58999999
57999999
56999999
55999999
54999999
53999999
52999999
51999999
50999999
49999999
48999999
47999999
46999999
45999999
44999999
43999999
42999999
41999999
40999999
39999999
38999999
37999999
36999999
35999999
34999999
33999999
32999999
31999999
30999999
29999999
28999999
27999999
26999999
25999999
24999999
23999999
22999999
21999999
20999999
19999999
18999999
17999999
16999999
15999999
14999999
13999999
12999999
11999999
10999999
09999999
08999999
07999999
06999999
05999999
04999999
03999999
02999999
01999999
88899999
88799999
88699999
88599999
88499999
88399999
88299999
88199999
88099999
87999999
87899999
87799999
87699999
87599999
87499999
87399999
87299999
87199999
87099999
86999999
86899999
86799999
86699999
86599999
86499999
86399999
86299999
86199999
86099999
85999999
85899999
85799999
85699999
85599999
85499999
85399999
85299999
85199999
85099999
84999999
84899999
84799999
84699999
84599999
84499999
84399999
84299999
84199999
84099999
83999999
83899999
83799999
83699999
83599999
83499999
83399999
83299999
83199999
83099999
82999999
82899999
82799999
82699999
82599999
82499999
82399999
82299999
82199999
82099999
81999999
81899999
81799999
81699999
81599999
81499999
81399999
81299999
81199999
81099999
80999999
80899999
80799999
80699999
80599999
80499999
80399999
80299999
80199999
88889999
88879999
88869999
88859999
88849999
88839999
88829999
88819999
88809999
88799999
88789999
88779999
88769999
88759999
88749999
88739999
88729999
88719999
88709999
88699999
88689999
88679999
88669999
88659999
88649999
88639999
88629999
88619999
88609999
88599999
88589999
88579999
88569999
88559999
88549999
88539999
88529999
88519999
88509999
88499999
88489999
88479999
88469999
88459999
88449999
88439999
88429999
88419999
88409999
88399999
88389999
88379999
88369999
88359999
88349999
88339999
88329999
88319999
88309999
88299999
88289999
88279999
88269999
88259999
88249999
88239999
88229999
88219999
88209999
88199999
88189999
88179999
88169999
88159999
88149999
88139999
88129999
88119999
88109999
88099999
88089999
88079999
88069999
88059999
88049999
88039999
88029999
88019999
87999999
87899999
87889999
87879999
87869999
87859999
87849999
87839999
87829999
87819999
87809999
87799999
87789999
87779999
87769999
87759999
87749999
87739999
87729999
87719999
87709999
87699999
87689999
87679999
87669999
87659999
87649999
87639999
87629999
87619999
87609999
87599999
87589999
87579999
87569999
87559999
87549999
87539999
87529999
87519999
87509999
87499999
87489999
87479999
87469999
87459999
87449999
87439999
87429999
87419999
87409999
87399999
87389999
87379999
87369999
87359999
87349999
87339999
87329999
87319999
87309999
87299999
87289999
87279999
87269999
87259999
87249999
87239999
87229999
87219999
87209999
87199999
87189999
87179999
87169999
87159999
87149999
87139999
87129999
87119999
87109999
87099999
87089999
87079999
87069999
87059999
87049999
87039999
87029999
87019999
86999999
86989999
86979999
86969999
86959999
86949999
86939999
86929999
86919999
86909999
86899999
86889999
86879999
86869999
86859999
86849999
86839999
86829999
86819999
86809999
86799999
86789999
86779999
86769999
86759999
86749999
86739999
86729999
86719999
86709999
86699999
86689999
86679999
86669999
86659999
86649999
86639999
86629999
86619999
86609999
86599999
86589999
86579999
86569999
86559999
86549999
86539999
86529999
86519999
86509999
86499999
86489999
86479999
86469999
86459999
86449999
86439999
86429999
86419999
86409999
86399999
86389999
86379999
86369999
86359999
86349999
86339999
86329999
86319999
86309999
86299999
86289999
86279999
86269999
86259999
86249999
86239999
86229999
86219999
86209999
86199999
86189999
86179999
86169999
86159999
86149999
86139999
86129999
86119999
86109999
86099999
86089999
86079999
86069999
86059999
86049999
86039999
86029999
86019999
85999999
85989999
85979999
85969999
85959999
85949999
85939999
85929999
85919999
85909999
85899999
85889999
85879999
85869999
85859999
85849999
85839999
85829999
85819999
85809999
85799999
85789999
85779999
85769999
85759999
85749999
85739999
85729999
85719999
85709999
85699999
85689999
85679999
85669999
85659999
85649999
85639999
85629999
85619999
85609999
85599999
85589999
85579999
85569999
85559999
85549999
85539999
85529999
85519999
85509999
85499999
85489999
85479999
85469999
85459999
85449999
85439999
85429999
85419999
85409999
85399999
85389999
85379999
85369999
85359999
85349999
85339999
85329999
85319999
85309999
85299999
85289999
85279999
85269999
85259999
85249999
85239999
85229999
85219999
85209999
85199999
85189999
85179999
85169999
85159999
85149999
85139999
85129999
85119999
85109999
85099999
85089999
85079999
85069999
85059999
85049999
85039999
85029999
85019999
84999999
84989999
84979999
84969999
84959999
84949999
84939999
84929999
84919999
84909999
84899999
84889999
84879999
84869999
84859999
84849999
84839999
84829999
84819999
84809999
84799999
84789999
84779999
84769999
84759999
84749999
84739999
84729999
84719999
84709999
84699999
84689999
84679999
84669999
84659999
84649999
84639999
84629999
84619999
84609999
84599999
84589999
84579999
84569999
84559999
84549999
84539999
84529999
84519999
84509999
84499999
84489999
84479999
84469999
84459999
84449999
84439999
84429999
84419999
84409999
84399999
84389999
84379999
84369999
84359999
84349999
84339999
84329999
84319999
84309999
84299999
84289999
84279999
84269999
84259999
84249999
84239999
84229999
84219999
84209999
84199999
84189999
84179999
84169999
84159999
84149999
84139999
84129999
84119999
84109999
84099999
84089999
84079999
84069999
84059999
84049999
84039999
84029999
84019999
83999999
83989999
83979999
83969999
83959999
83949999
83939999
83929999
83919999
83909999
83899999
83889999
83879999
83869999
83859999
83849999
83839999
83829999
83819999
83809999
83799999
83789999
83779999
83769999
83759999
83749999
83739999
83729999
83719999
83709999
83699999
83689999
83679999
83669999
83659999
83649999
83639999
83629999
83619999
83609999
83599999
83589999
83579999
83569999
83559999
83549999
83539999
83529999
83519999
83509999
83499999
83489999
83479999
83469999
83459999
83449999
83439999
83429999
83419999
83409999
83399999
83389999
83379999
83369999
83359999
83349999
83339999
83329999
83319999
83309999
83299999
83289999
83279999
83269999
83259999
83249999
83239999
83229999
83219999
83209999
83199999
83189999
83179999
83169999
83159999
83149999
83139999
83129999
83119999
83109999
83099999
83089999
83079999
83069999
83059999
83049999
83039999
83029999
83019999
82999999
82989999
82979999
82969999
82959999
82949999
82939999
82929999
82919999
82909999
82899999
82889999
82879999
82869999
82859999
82849999
82839999
82829999
82819999
82809999
82799999
82789999
82779999
82769999
82759999
82749999
82739999
82729999
82719999
82709999
82699999
82689999
82679999
82669999
82659999
82649999
82639999
82629999
82619999
82609999
82599999
82589999
82579999
82569999
82559999
82549999
82539999
82529999
82519999
82509999
82499999
82489999
82479999
82469999
82459999
82449999
82439999
82429999
82419999
82409999
82399999
82389999
82379999
82369999
82359999
82349999
82339999
82329999
82319999
82309999
82299999
82289999
82279999
82269999
82259999
82249999
82239999
82229999
82219999
82209999
82199999
82189999
82179999
82169999
82159999
82149999
82139999
82129999
82119999
82109999
82099999
82089999
82079999
82069999
82059999
82049999
82039999
82029999
82019999
81999999
81989999
81979999
81969999
81959999
81949999
81939999
81929999
81919999
81909999
81899999
81889999
81879999
81869999
81859999
81849999
81839999
81829999
81819999
81809999
81799999
81789999
81779999
81769999
81759999
81749999
81739999
81729999
81719999
81709999
81699999
81689999
81679999
81669999
81659999
81649999
81639999
81629999
81619999
81609999
81599999
81589999
81579999
81569999
81559999
81549999
81539999
81529999
81519999
81509999
81499999
81489999
81479999
81469999
81459999
81449999
81439999
81429999
81419999
81409999
81399999
81389999
81379999
81369999
81359999
81349999
81339999
81329999
81319999
81309999
81299999
81289999
81279999
81269999
81259999
81249999
81239999
81229999
81219999
81209999
81199999
81189999
81179999
81169999
81159999
81149999
81139999
81129999
81119999
81109999
81099999
81089999
81079999
81069999
81059999
81049999
81039999
81029999
81019999
80999999
80989999
80979999
80969999
80959999
80949999
80939999
80929999
80919999
80909999
80899999
80889999
80879999
80869999
80859999
80849999
80839999
80829999
80819999
80809999
80799999
80789999
80779999
80769999
80759999
80749999
80739999
80729999
80719999
80709999
80699999
80689999
80679999
80669999
80659999
80649999
80639999
80629999
80619999
80609999
80599999
80589999
80579999
80569999
80559999
80549999
80539999
80529999
80519999
80509999
80499999
80489999
80479999
80469999
80459999
80449999
80439999
80429999
80419999
80409999
80399999
80389999
80379999
80369999
80359999
80349999
80339999
80329999
80319999
80309999
80299999
80289999
80279999
80269999
80259999
80249999
80239999
80229999
80219999
80209999
80199999
80189999
80179999
80169999
80159999
80149999
80139999
80129999
80119999
80109999

80099999
80089999
80079999
80069999
80059999
80049999
80039999
80029999
80019999
80009999

88888999
88887999
88886999
88885999
88884999
88883999
88882999
88881999
88880999
88879999
88878999
88877999
88876999
88875999
88874999
88873999
88872999
88871999
88870999
88869999
88868999
88867999
88866999
88865999
88864999
88863999
88862999
88861999
88860999
88859999
88858999
88857999
88856999
88855999
88854999
88853999
88852999
88851999
88850999
88849999
88848999
88847999
88846999
88845999
88844999
88843999
88842999
88841999
88840999
88839999
88838999
88837999
88836999
88835999
88834999
88833999
88832999
88831999
88830999
88829999
88828999
88827999
88826999
88825999
88824999
88823999
88822999
88821999
88820999
88819999
88818999
88817999
88816999
88815999
88814999
88813999
88812999
88811999
88810999
88809999
88808999
88807999
88806999
88805999
88804999
88803999
88802999
88801999
88799999
88798999
88797999
88796999
88795999
88794999
88793999
88792999
88791999
88790999
88789999
88788999
88787999
88786999
88785999
88784999
88783999
88782999
88781999
88780999
88779999
88778999
88777999
88776999
88775999
88774999
88773999
88772999
88771999
88770999
88769999
88768999
88767999
88766999
88765999
88764999
88763999
88762999
88761999
88760999
88759999
88758999
88757999
88756999
88755999
88754999
88753999
88752999
88751999
88750999
88749999
88748999
88747999
88746999
88745999
88744999
88743999
88742999
88741999
88740999
88739999
88738999
88737999
88736999
88735999
88734999
88733999
88732999
88731999
88730999
88729999
88728999
88727999
88726999
88725999
88724999
88723999
88722999
88721999
88720999
88719999
88718999
88717999
88716999
88715999
88714999
88713999
88712999
88711999
88710999
88709999
88708999
88707999
88706999
88705999
88704999
88703999
88702999
88701999
88699999
88698999
88687999
88686999
88685999
88684999
88683999
88682999
88681999
88680999
88679999
88678999
88677999
88676999
88675999
88674999
88673999
88672999
88671999
88670999
88669999
88668999
88667999
88666999
88665999
88664999
88663999
88662999
88661999
88660999
88659999
88658999
88657999
88656999
88655999
88654999
88653999
88652999
88651999
88650999
88649999
88648999
88647999
88646999
88645999
88644999
88643999
88642999
88641999
88640999
88639999
88638999
88637999
88636999
88635999
88634999
88633999
88632999
88631999
88630999
88629999
88628999
88627999
88626999
88625999
88624999
88623999
88622999
88621999
88620999
88619999
88618999
88617999
88616999
88615999
88614999
88613999
88612999
88611999
88610999
88609999
88608999
88607999
88606999
88605999
88604999
88603999
88602999
88601999
88599999
88598999
88597999
88596999
88595999
88594999
88593999
88592999
88591999
88590999
88589999
88588999
88587999
88586999
88585999
88584999
88583999
88582999
88581999
88580999
88579999
88578999
88577999
88576999
88575999
88574999
88573999
88572999
88571999
88570999
88569999
88568999
88567999
88566999
88565999
88564999
88563999
88562999
88561999
88560999
88559999
88558999
88557999
88556999
88555999
88554999
88553999
88552999
88551999
88550999
88549999
88548999
88547999
88546999
88545999
88544999
88543999
88542999
88541999
88540999
88539999
88538999
88537999
88536999
88535999
88534999
88533999
88532999
88531999
88530999
88529999
88528999
88527999
88526999
88525999
88524999
88523999
88522999
88521999
88520999
88519999
88518999
88517999
88516999
88515999
88514999
88513999
88512999
88511999
88510999
88509999
88508999
88507999
88506999
88505999
88504999
88503999
88502999
88501999
88499999
88498999
88497999
88496999
88495999
88494999
88493999
88492999
88491999
88490999
88489999
88488999
88487999
88486999
88485999
88484999
88483999
88482999
88481999
88480999
88479999
88478999
88477999
88476999
88475999
88474999
88473999
88472999
88471999
88470999
88469999
88468999
88467999
88466999
88465999
88464999
88463999
88462999
88461999
88460999
88459999
88458999
88457999
88456999
88455999
88454999
88453999
88452999
88451999
88450999
88449999
88448999
88447999
88446999
88445999
88444999
88443999
88442999
88441999
88440999
88439999
88438999
88437999
88436999
88435999
88434999
88433999
88432999
88431999
88430999
88429999
88428999
88427999
88426999
88425999
88424999
88423999
88422999
88421999
88420999
88419999
88418999
88417999
88416999
88415999
88414999
88413999
88412999
88411999
88410999
88409999
88408999
88407999
88406999
88405999
88404999
88403999
88402999
88401999
88399999
88398999
88397999
88396999
88395999
88394999
88393999
88392999
88391999
88390999
88389999
88388999
88387999
88386999
88385999
88384999
88383999
88382999
88381999
88380999
88379999
88378999
88377999
88376999
88375999
88374999
88373999
88372999
88371999
88370999
88369999
88368999
88367999
88366999
88365999
88364999
88363999
88362999
88361999
88360999
88359999
88358999
88357999
88356999
88355999
88354999
88353999
88352999
88351999
88350999
88349999
88348999
88347999
88346999
88345999
88344999
88343999
88342999
88341999
88340999
88339999
88338999
88337999
88336999
88335999
88334999
88333999
88332999
88331999
88330999
88329999
88328999
88327999
88326999
88325999
88324999
88323999
88322999
88321999
88320999
88319999
88318999
88317999
88316999
88315999
88314999
88313999
88312999
88311999
88310999
88309999
88308999
88307999
88306999
88305999
88304999
88303999
88302999
88301999
88299999
88298999
88297999
88296999
88295999
88294999
88293999
88292999
88291999
88290999
88289999
88288999
88287999
88286999
88285999
88284999
88283999
88282999
88281999
88280999
88279999
88278999
88277999
88276999
88275999
88274999
88273999
88272999
88271999
88270999
88269999
88268999
88267999
88266999
88265999
88264999
88263999
88262999
88261999
88260999
88259999
88258999
88257999
88256999
88255999
88254999
88253999
88252999
88251999
88250999
88249999
88248999
88247999
88246999
88245999
88244999
88243999
88242999
88241999
88240999
88239999
88238999
88237999
88236999
88235999
88234999
88233999
88232999
88231999
88230999
88229999
88228999
88227999
88226999
88225999
88224999
88223999
88222999
88221999
88220999
88219999
88218999
88217999
88216999
88215999
88214999
88213999
88212999
88211999
88210999
88209999
88208999
88207999
88206999
88205999
88204999
88203999
88202999
88201999
88199999
88198999
88197999
88196999
88195999
88194999
88193999
88192999
88191999
88190999
88189999
88188999
88187999
88186999
88185999
88184999
88183999
88182999
88181999
88180999
88179999
88178999
88177999
88176999
88175999
88174999
88173999
88172999
88171999
88170999
88169999
88168999
88167999
88166999
88165999
88164999
88163999
88162999
88161999
88160999
88159999
88158999
88157999
88156999
88155999
88154999
88153999
88152999
88151999
88150999
88149999
88148999
88147999
88146999
88145999
88144999
88143999
88142999
88141999
88140999
88139999
88138999
88137999
88136999
88135999
88134999
88133999
88132999
88131999
88130999
88129999
88128999
88127999
88126999
88125999
88124999
88123999
88122999
88121999
88120999
88119999
88118999
88117999
88116999
88115999
88114999
88113999
88112999
88111999
88110999
88109999
88108999
88107999
88106999
88105999
88104999
88103999
88102999
88101999
88099999
88098999
88097999
88096999
88095999
88094999
88093999
88092999
88091999
88090999
88089999
88088999
88087999
88086999
88085999
88084999
88083999
88082999
88081999
88080999
88079999
88078999
88077999
88076999
88075999
88074999
88073999
88072999
88071999
88070999
88069999
88068999
88067999
88066999
88065999
88064999
88063999
88062999
88061999
88060999
88059999
88058999
88057999
88056999
88055999
88054999
88053999
88052999
88051999
88050999
88049999
88048999
88047999
88046999
88045999
88044999
88043999
88042999
88041999
88040999
88039999
88038999
88037999
88036999
88035999
88034999
88033999
88032999
88031999
88030999
88029999
88028999
88027999
88026999
88025999
88024999
88023999
88022999
88021999
88020999
88019999
88018999
88017999
88016999
88015999
88014999
88013999
88012999
88011999
88010999

88009999
88008999
88007999
88006999
88005999
88004999
88003999
88002999
88001999
88000999
88000099

88888899

87999999
87999899
87999799
87999699
87999599
87999499
87999399
87999299
87999199
87999099
87998999
87998899
87998799
87998699
87998599
87998499
87998399
87998299
87998199
87998099
87997999
87997899
87997799
87997699
87997599
87997499
87997399
87997299
87997199
87997099
87996999
87996899
87996799
87996699
87996599
87996499
87996399
87996299
87996199
87996099
87995999
87995899
87998799
87998699
87998599
87998499
87998399
87998299
87998199
87998099
87997999
87997899
87997799
87997699
87997599
87997499
87997399
87997299
87997199
87997099
87996999
87996899
87996799
87996699
87996599
87996499
87996399
87996299
87996199
87996099
87995999
87995899
87995799
87995699
87995599
87995499
87995399
87995299
87995199
87995099
87994999
87994899
87994799
87994699
87994599
87994499
87994399
87994299
87994199
87994099
87993999
87993899
87993799
87993699
87993599
87993499
87993399
87993299
87993199
87993099
87992999
87992899
87992799
87992699
87992599
87992499
87992399
87992299
87992199
87992099
87991999
87991899
87991799
87991699
87991599
87991499
87991399
87991299
87991199
87991099
87990999
87990899
87990799
87990699
87990599
87990499
87990399
87990299
87990199
87989999
87989899
87989799
87989699
87989599
87989499
87989399
87989299
87989199
87989099
87988999
87988899
87988799
87988699
87988599
87988499
87988399
87988299
87988199
87988099
87987999
87987899
87987799
87987699
87987599
87987499
87987399
87987299
87987199
87987099
87986999
87986899
87986799
87986699
87986599
87986499
87986399
87986299
87986199
87986099
87985999
87985899
87985799
87985699
87985599
87985499
87985399
87985299
87985199
87985099
87984999
87984899
87984799
87984699
87984599
87984499
87984399
87984299
87984199
87984099
87983999
87983899
87983799
87983699
87983599
87983499
87983399
87983299
87983199
87983099
87982999
87982899
87982799
87982699
87982599
87982499
87982399
87982299
87982199
87982099
87981999
87981899
87981799
87981699
87981599
87981499
87981399
87981299
87981199
87981099
87980999
87980899
87980799
87980699
87980599
87980499
87980399
87980299
87980199
87979999
87979899
87979799
87979699
87979599
87979499
87979399
87979299
87979199
87979099
87978999
87978899
87978799
87978699
87978599
87978499
87978399
87978299
87978199
87978099
87977999
87977899
87977799
87977699
87977599
87977499
87977399
87977299
87977199
87977099
87976999
87976899
87976799
87976699
87976599
87976499
87976399
87976299
87976199
87976099
87975999
87975899
87975799
87975699
87975599
87975499
87975399
87975299
87975199
87975099
87974999
87974899
87974799
87974699
87974599
87974499
87974399
87974299
87974199
87974099
87973999
87973899
87973799
87973699
87973599
87973499
87973399
87973299
87973199
87973099
87972999
87972899
87972799
87972699
87972599
87972499
87972399
87972299
87972199
87972099
87971999
87971899
87971799
87971699
87971599
87971499
87971399
87971299
87971199
87971099
87970999
87970899
87970799
87970699
87970599
87970499
87970399
87970299
87970199
87969999
87969899
87969799
87969699
87969599
87969499
87969399
87969299
87969199
87969099
87968999
87968899
87968799
87968699
87968599
87968499
87968399
87968299
87968199
87968099
87967999
87967899
87967799
87967699
87967599
87967499
87967399
87967299
87967199
87967099
87966999
87966899
87966799
87966699
87966599
87966499
87966399
87966299
87966199
87966099
87965999
87965899
87965799
87965699
87965599
87965499
87965399
87965299
87965199
87965099
87964999
87964899
87964799
87964699
87964599
87964499
87964399
87964299
87964199
87964099
87963999
87963899
87963799
87963699
87963599
87963499
87963399
87963299
87963199
87963099
87962999
87962899
87962799
87962699
87962599
87962499
87962399
87962299
87962199
87962099
87961999
87961899
87961799
87961699
87961599
87961499
87961399
87961299
87961199
87961099
87960999
87960899
87960799
87960699
87960599
87960499
87960399
87960299
87960199
87959999
87959899
87959799
87959699
87959599
87959499
87959399
87959299
87959199
87959099
87958999
87958899
87958799
87958699
87958599
87958499
87958399
87958299
87958199
87958099
87957999
87957899
87957799
87957699
87957599
87957499
87957399
87957299
87957199
87957099
87956999
87956899
87956799
87956699
87956599
87956499
87956399
87956299
87956199
87956099
87955999
87955899
87955799
87955699
87955599
87955499
87955399
87955299
87955199
87955099
87954999
87954899
87954799
87954699
87954599
87954499
87954399
87954299
87954199
87954099
87953999
87953899
87953799
87953699
87953599
87953499
87953399
87953299
87953199
87953099
87952999
87952899
87952799
87952699
87952599
87952499
87952399
87952299
87952199
87952099
87951999
87951899
87951799
87951699
87951599
87951499
87951399
87951299
87951199
87951099
87950999
87950899
87950799
87950699
87950599
87950499
87950399
87950299
87950199
87949999
87949899
87949799
87949699
87949599
87949499
87949399
87949299
87949199
87949099
87948999
87948899
87948799
87948699
87948599
87948499
87948399
87948299
87948199
87948099
87947999
87947899
87947799
87947699
87947599
87947499
87947399
87947299
87947199
87947099
87946999
87946899
87946799
87946699
87946599
87946499
87946399
87946299
87946199
87946099
87945999
87945899
87945799
87945699
87945599
87945499
87945399
87945299
87945199
87945099
87944999
87944899
87944799
87944699
87944599
87944499
87944399
87944299
87944199
87944099
87943999
87943899
87943799
87943699
87943599
87943499
87943399
87943299
87943199
87943099
87942999
87942899
87942799
87942699
87942599
87942499
87942399
87942299
87942199
87942099
87941999
87941899
87941799
87941699
87941599
87941499
87941399
87941299
87941199
87941099
87940999
87940899
87940799
87940699
87940599
87940499
87940399
87940299
87940199
87939999
87939899
87939799
87939699
87939599
87939499
87939399
87939299
87939199
87939099
87938999
87938899
87938799
87938699
87938599
87938499
87938399
87938299
87938199
87938099
87937999
87937899
87937799
87937699
87937599
87937499
87937399
87937299
87937199
87937099
87936999
87936899
87936799
87936699
87936599
87936499
87936399
87936299
87936199
87936099
87935999
87935899
87935799
87935699
87935599
87935499
87935399
87935299
87935199
87935099
87934999
87934899
87934799
87934699
87934599
87934499
87934399
87934299
87934199
87934099
87933999
87933899
87933799
87933699
87933599
87933499
87933399
87933299
87933199
87933099
87932999
87932899
87932799
87932699
87932599
87932499
87932399
87932299
87932199
87932099
87931999
87931899
87931799
87931699
87931599
87931499
87931399
87931299
87931199
87931099
87930999
87930899
87930799
87930699
87930599
87930499
87930399
87930299
87930199
87929999
87929899
87929799
87929699
87929599
87929499
87929399
87929299
87929199
87929099
87928999
87928899
87928799
87928699
87928599
87928499
87928399
87928299
87928199
87928099
87927999
87927899
87927799
87927699
87927599
87927499
87927399
87927299
87927199
87927099
87926999
87926899
87926799
87926699
87926599
87926499
87926399
87926299
87926199
87926099
87925999
87925899
87925799
87925699
87925599
87925499
87925399
87925299
87925199
87925099
87924999
87924899
87924799
87924699
87924599
87924499
87924399
87924299
87924199
87924099
87923999
87923899
87923799
87923699
87923599
87923499
87923399
87923299
87923199
87923099
87922999
87922899
87922799
87922699
87922599
87922499
87922399
87922299
87922199
87922099
87921999
87921899
87921799
87921699
87921599
87921499
87921399
87921299
87921199
87921099
87920999
87920899
87920799
87920699
87920599
87920499
87920399
87920299
87920199
87919999
87919899
87919799
87919699
87919599
87919499
87919399
87919299
87919199
87919099
87918999
87918899
87918799
87918699
87918599
87918499
87918399
87918299
87918199
87918099
87917999
87917899
87917799
87917699
87917599
87917499
87917399
87917299
87917199
87917099
87916999
87916899
87916799
87916699
87916599
87916499
87916399
87916299
87916199
87916099
87915999
87915899
87915799
87915699
87915599
87915499
87915399
87915299
87915199
87915099
87914999
87914899
87914799
87914699
87914599
87914499
87914399
87914299
87914199
87914099
87913999
87913899
87913799
87913699
87913599
87913499
87913399
87913299
87913199
87913099
87912999
87912899
87912799
87912699
87912599
87912499
87912399
87912299
87912199
87912099
87911999
87911899
87911799
87911699
87911599
87911499
87911399
87911299
87911199
87911099
87910999
87910899
87910799
87910699
87910599
87910499
87910399
87910299
87910199
87909999
87909899
87909799
87909699
87909599
87909499
87909399
87909299
87909199
87909099
87908999
87908899
87908799
87908699
87908599
87908499
87908399
87908299
87908199
87908099
87907999
87907899
87907799
87907699
87907599
87907499
87907399
87907299
87907199
87907099
87906999
87906899
87906799
87906699
87906599
87906499
87906399
87906299
87906199
87906099
87905999
87905899
87905799
87905699
87905599
87905499
87905399
87905299
87905199
87905099
87904999
87904899
87904799
87904699
87904599
87904499
87904399
87904299
87904199
87904099
87903999
87903899
87903799
87903699
87903599
87903499
87903399
87903299
87903199
87903099
87902999
87902899
87902799
87902699
87902599
87902499
87902399
87902299
87902199
87902099
87901999
87901899
87901799
87901699
87901599
87901499
87901399
87901299
87901199
87901099

87900999
87900899
87900799
87900699
87900599
87900499
87900399
87900299
87900199
87900099

88888999
88888899
88888799
88888699
88888599
88888499
88888399
88888299
88888199
88888099
88888889
88888888
88888887
88888886
88888885
88888884
88888883
88888882
88888881
88888880

87899999
87899899
87899799
87899699
87899599
87899499
87899399
87899299
87899199
87899099
87898999
87898899
87898799
87898699
87898599
87898499
87898399
87898299
87898199
87898099
87897999
87897899
87897799
87897699
87897599
87897499
87897399
87897299
87897199
87897099
87896999
87896899
87896799
87896699
87896599
87896499
87896399















